MAE: 174.10677803867
RMSE: 177.4010580254398
